0.0,1.0
0.00782472613458529,1.0
0.01564945226917058,1.0
0.023474178403755867,1.0
0.03129890453834116,1.0
0.03912363067292645,1.0
0.046948356807511735,1.0
0.054773082942097026,1.0
0.06259780907668232,0.9888579387186629
0.07042253521126761,0.9749303621169917
0.0782472613458529,0.9610027855153204
0.08607198748043818,0.947075208913649
0.09389671361502347,0.9331476323119777
0.10172143974960876,0.9192200557103064
0.10954616588419405,0.9052924791086351
0.11737089201877934,0.8913649025069638
0.12519561815336464,0.8774373259052924
0.13302034428794993,0.8662952646239555
0.14084507042253522,0.8523676880222841
0.1486697965571205,0.8384401114206128
0.1564945226917058,0.8245125348189415
0.1643192488262911,0.8105849582172702
0.17214397496087636,0.7966573816155988
0.17996870109546165,0.7855153203342619
0.18779342723004694,0.7715877437325905
0.19561815336463223,0.7576601671309192
0.20344287949921752,0.7437325905292479
0.2112676056338028,0.7298050139275766
0.2190923317683881,0.7186629526462396
0.2269170579029734,0.7047353760445683
0.2347417840375587,0.6908077994428969
0.24256651017214398,0.6768802228412256
0.25039123630672927,0.6629526462395543
0.25821596244131456,0.6518105849582173
0.26604068857589985,0.637883008356546
0.27386541471048514,0.6239554317548747
0.28169014084507044,0.6100278551532033
0.2895148669796557,0.5988857938718662
0.297339593114241,0.5933147632311978
0.3051643192488263,0.596100278551532
0.3129890453834116,0.5988857938718662
0.3208137715179969,0.6016713091922006
0.3286384976525822,0.6044568245125348
0.3364632237871675,0.6072423398328691
0.3442879499217527,0.6100278551532033
0.352112676056338,0.6155988857938719
0.3599374021909233,0.5738161559888579
0.3677621283255086,0.532033426183844
0.3755868544600939,0.4818941504178273
0.38341158059467917,0.38440111420612816
0.39123630672926446,0.38440111420612816
0.39906103286384975,0.38440111420612816
0.40688575899843504,0.38440111420612816
0.41471048513302033,0.38440111420612816
0.4225352112676056,0.38440111420612816
0.4303599374021909,0.38440111420612816
0.4381846635367762,0.38440111420612816
0.4460093896713615,0.3816155988857939
0.4538341158059468,0.3816155988857939
0.4616588419405321,0.3816155988857939
0.4694835680751174,0.3816155988857939
0.47730829420970267,0.3816155988857939
0.48513302034428796,0.3816155988857939
0.49295774647887325,0.3816155988857939
0.5007824726134585,0.3816155988857939
0.5086071987480438,0.3816155988857939
0.5164319248826291,0.3816155988857939
0.5242566510172144,0.3816155988857939
0.5320813771517997,0.3816155988857939
0.539906103286385,0.3816155988857939
0.5477308294209703,0.3816155988857939
0.5555555555555556,0.3816155988857939
0.5633802816901409,0.3816155988857939
0.5712050078247262,0.3816155988857939
0.5790297339593115,0.3816155988857939
0.5868544600938967,0.3816155988857939
0.594679186228482,0.3816155988857939
0.6025039123630673,0.3816155988857939
0.6103286384976526,0.3816155988857939
0.6181533646322379,0.48467966573816157
0.6259780907668232,0.4958217270194986
0.6338028169014085,0.4958217270194986
0.6416275430359938,0.5125348189415042
0.6494522691705791,0.5292479108635098
0.6572769953051644,0.5459610027855153
0.6651017214397497,0.5654596100278552
0.672926447574335,0.5821727019498607
0.6807511737089202,0.5988857938718662
0.6885758998435054,0.6155988857938719
0.6964006259780907,0.6350974930362117
0.704225352112676,0.6518105849582173
0.7120500782472613,0.6685236768802229
0.7198748043818466,0.6852367688022284
0.7276995305164319,0.7019498607242339
0.7355242566510172,0.7186629526462396
0.7433489827856025,0.7353760445682451
0.7511737089201878,0.7520891364902507
0.758998435054773,0.7688022284122563
0.7668231611893583,0.7855153203342619
0.7746478873239436,0.8022284122562674
0.7824726134585289,0.8189415041782729
0.7902973395931142,0.8356545961002786
0.7981220657276995,0.8523676880222841
0.8059467918622848,0.871866295264624
0.8137715179968701,0.8885793871866295
0.8215962441314554,0.9052924791086351
0.8294209702660407,0.924791086350975
0.837245696400626,0.9415041782729805
0.8450704225352113,0.958217270194986
0.8528951486697965,0.9777158774373259
0.8607198748043818,0.9944289693593314
0.8685446009389671,1.0
0.8763693270735524,1.0
0.8841940532081377,1.0
0.892018779342723,1.0
0.8998435054773083,1.0
0.9076682316118936,1.0
0.9154929577464789,1.0
0.9233176838810642,1.0
0.9311424100156495,1.0
0.9389671361502347,1.0
0.94679186228482,1.0
0.9546165884194053,1.0
0.9624413145539906,1.0
0.9702660406885759,1.0
0.9780907668231612,1.0
0.9859154929577465,1.0
0.9937402190923318,1.0
