0.0,1.0
0.00782472613458529,1.0
0.01564945226917058,1.0
0.023474178403755867,1.0
0.03129890453834116,1.0
0.03912363067292645,1.0
0.046948356807511735,1.0
0.054773082942097026,1.0
0.06259780907668232,1.0
0.07042253521126761,1.0
0.0782472613458529,1.0
0.08607198748043818,1.0
0.09389671361502347,1.0
0.10172143974960876,1.0
0.10954616588419405,1.0
0.11737089201877934,1.0
0.12519561815336464,1.0
0.13302034428794993,1.0
0.14084507042253522,1.0
0.1486697965571205,1.0
0.1564945226917058,1.0
0.1643192488262911,1.0
0.17214397496087636,1.0
0.17996870109546165,1.0
0.18779342723004694,1.0
0.19561815336463223,1.0
0.20344287949921752,1.0
0.2112676056338028,1.0
0.2190923317683881,1.0
0.2269170579029734,1.0
0.2347417840375587,1.0
0.24256651017214398,1.0
0.25039123630672927,1.0
0.25821596244131456,1.0
0.26604068857589985,1.0
0.27386541471048514,1.0
0.28169014084507044,1.0
0.2895148669796557,1.0
0.297339593114241,1.0
0.3051643192488263,1.0
0.3129890453834116,1.0
0.3208137715179969,1.0
0.3286384976525822,1.0
0.3364632237871675,1.0
0.3442879499217527,1.0
0.352112676056338,1.0
0.3599374021909233,1.0
0.3677621283255086,1.0
0.3755868544600939,1.0
0.38341158059467917,1.0
0.39123630672926446,1.0
0.39906103286384975,1.0
0.40688575899843504,1.0
0.41471048513302033,1.0
0.4225352112676056,1.0
0.4303599374021909,1.0
0.4381846635367762,1.0
0.4460093896713615,1.0
0.4538341158059468,1.0
0.4616588419405321,1.0
0.4694835680751174,1.0
0.47730829420970267,1.0
0.48513302034428796,0.9972144846796658
0.49295774647887325,0.9916434540389972
0.5007824726134585,0.9888579387186629
0.5086071987480438,0.9860724233983287
0.5164319248826291,0.9805013927576601
0.5242566510172144,0.9777158774373259
0.5320813771517997,0.9665738161559888
0.539906103286385,0.958217270194986
0.5477308294209703,0.947075208913649
0.5555555555555556,0.9387186629526463
0.5633802816901409,0.9275766016713092
0.5712050078247262,0.9192200557103064
0.5790297339593115,0.9080779944289693
0.5868544600938967,0.8997214484679665
0.594679186228482,0.8885793871866295
0.6025039123630673,0.8802228412256268
0.6103286384976526,0.8690807799442897
0.6181533646322379,0.8607242339832869
0.6259780907668232,0.8495821727019499
0.6338028169014085,0.841225626740947
0.6416275430359938,0.83008356545961
0.6494522691705791,0.8217270194986073
0.6572769953051644,0.8105849582172702
0.6651017214397497,0.7994428969359332
0.672926447574335,0.7883008356545961
0.6807511737089202,0.7743732590529248
0.6885758998435054,0.7632311977715878
0.6964006259780907,0.7520891364902507
0.704225352112676,0.7409470752089137
0.7120500782472613,0.7270194986072424
0.7198748043818466,0.7158774373259053
0.7276995305164319,0.7047353760445683
0.7355242566510172,0.6908077994428969
0.7433489827856025,0.6796657381615598
0.7511737089201878,0.6713091922005571
0.758998435054773,0.6629526462395543
0.7668231611893583,0.6518105849582173
0.7746478873239436,0.6434540389972145
0.7824726134585289,0.6350974930362117
0.7902973395931142,0.6239554317548747
0.7981220657276995,0.6100278551532033
0.8059467918622848,0.5988857938718662
0.8137715179968701,0.5403899721448467
0.8215962441314554,0.4568245125348189
0.8294209702660407,0.38997214484679665
0.837245696400626,0.39275766016713093
0.8450704225352113,0.3955431754874652
0.8528951486697965,0.3983286908077994
0.8607198748043818,0.4011142061281337
0.8685446009389671,0.403899721448468
0.8763693270735524,0.43175487465181056
0.8841940532081377,0.43454038997214484
0.892018779342723,0.4373259052924791
0.8998435054773083,0.4373259052924791
0.9076682316118936,0.4401114206128134
0.9154929577464789,0.4428969359331476
0.9233176838810642,0.4456824512534819
0.9311424100156495,0.44846796657381616
0.9389671361502347,0.44846796657381616
0.94679186228482,0.45125348189415043
0.9546165884194053,0.45403899721448465
0.9624413145539906,0.4568245125348189
0.9702660406885759,0.4596100278551532
0.9780907668231612,0.4623955431754875
0.9859154929577465,0.467966573816156
0.9937402190923318,0.47075208913649025
