0.0,0.924791086350975
0.00782472613458529,0.9303621169916435
0.01564945226917058,0.935933147632312
0.023474178403755867,0.9415041782729805
0.03129890453834116,0.9442896935933147
0.03912363067292645,0.9498607242339833
0.046948356807511735,0.9554317548746518
0.054773082942097026,0.9610027855153204
0.06259780907668232,0.9665738161559888
0.07042253521126761,0.9721448467966574
0.0782472613458529,0.9777158774373259
0.08607198748043818,0.9805013927576601
0.09389671361502347,0.9860724233983287
0.10172143974960876,0.9916434540389972
0.10954616588419405,0.9972144846796658
0.11737089201877934,1.0
0.12519561815336464,1.0
0.13302034428794993,1.0
0.14084507042253522,0.9888579387186629
0.1486697965571205,0.9693593314763231
0.1564945226917058,0.947075208913649
0.1643192488262911,0.9275766016713092
0.17214397496087636,0.9052924791086351
0.17996870109546165,0.8857938718662952
0.18779342723004694,0.8635097493036211
0.19561815336463223,0.8440111420612814
0.20344287949921752,0.8467966573816156
0.2112676056338028,0.8495821727019499
0.2190923317683881,0.8523676880222841
0.2269170579029734,0.8551532033426184
0.2347417840375587,0.8440111420612814
0.24256651017214398,0.7520891364902507
0.25039123630672927,0.7353760445682451
0.25821596244131456,0.7186629526462396
0.26604068857589985,0.7019498607242339
0.27386541471048514,0.6880222841225627
0.28169014084507044,0.6713091922005571
0.2895148669796557,0.6545961002785515
0.297339593114241,0.637883008356546
0.3051643192488263,0.6211699164345403
0.3129890453834116,0.6044568245125348
0.3208137715179969,0.5877437325905293
0.3286384976525822,0.5738161559888579
0.3364632237871675,0.5571030640668524
0.3442879499217527,0.5403899721448467
0.352112676056338,0.5236768802228412
0.3599374021909233,0.5069637883008357
0.3677621283255086,0.49025069637883006
0.3755868544600939,0.4735376044568245
0.38341158059467917,0.4568245125348189
0.39123630672926446,0.4428969359331476
0.39906103286384975,0.42618384401114207
0.40688575899843504,0.415041782729805
0.41471048513302033,0.3398328690807799
0.4225352112676056,0.3398328690807799
0.4303599374021909,0.3398328690807799
0.4381846635367762,0.33147632311977715
0.4460093896713615,0.3286908077994429
0.4538341158059468,0.3286908077994429
0.4616588419405321,0.3286908077994429
0.4694835680751174,0.3286908077994429
0.47730829420970267,0.3286908077994429
0.48513302034428796,0.3286908077994429
0.49295774647887325,0.3286908077994429
0.5007824726134585,0.3286908077994429
0.5086071987480438,0.3286908077994429
0.5164319248826291,0.3286908077994429
0.5242566510172144,0.32590529247910865
0.5320813771517997,0.32590529247910865
0.539906103286385,0.32590529247910865
0.5477308294209703,0.32590529247910865
0.5555555555555556,0.32590529247910865
0.5633802816901409,0.32590529247910865
0.5712050078247262,0.32590529247910865
0.5790297339593115,0.32590529247910865
0.5868544600938967,0.32590529247910865
0.594679186228482,0.32590529247910865
0.6025039123630673,0.415041782729805
0.6103286384976526,0.42896935933147634
0.6181533646322379,0.5793871866295265
0.6259780907668232,0.5905292479108635
0.6338028169014085,0.6016713091922006
0.6416275430359938,0.6128133704735376
0.6494522691705791,0.6239554317548747
0.6572769953051644,0.6323119777158774
0.6651017214397497,0.6434540389972145
0.672926447574335,0.6545961002785515
0.6807511737089202,0.6657381615598886
0.6885758998435054,0.6768802228412256
0.6964006259780907,0.6852367688022284
0.704225352112676,0.6963788300835655
0.7120500782472613,0.7075208913649025
0.7198748043818466,0.7186629526462396
0.7276995305164319,0.7270194986072424
0.7355242566510172,0.7381615598885793
0.7433489827856025,0.7493036211699164
0.7511737089201878,0.7576601671309192
0.758998435054773,0.7688022284122563
0.7668231611893583,0.7799442896935933
0.7746478873239436,0.7910863509749304
0.7824726134585289,0.7994428969359332
0.7902973395931142,0.8105849582172702
0.7981220657276995,0.8217270194986073
0.8059467918622848,0.83008356545961
0.8137715179968701,0.8328690807799443
0.8215962441314554,0.8356545961002786
0.8294209702660407,0.8328690807799443
0.837245696400626,0.8328690807799443
0.8450704225352113,0.83008356545961
0.8528951486697965,0.841225626740947
0.8607198748043818,0.8551532033426184
0.8685446009389671,0.8662952646239555
0.8763693270735524,0.8802228412256268
0.8841940532081377,0.8941504178272981
0.892018779342723,0.9080779944289693
0.8998435054773083,0.9220055710306406
0.9076682316118936,0.935933147632312
0.9154929577464789,0.9498607242339833
0.9233176838810642,0.9637883008356546
0.9311424100156495,0.9665738161559888
0.9389671361502347,0.9610027855153204
0.94679186228482,0.9554317548746518
0.9546165884194053,0.9498607242339833
0.9624413145539906,0.9442896935933147
0.9702660406885759,0.9387186629526463
0.9780907668231612,0.9331476323119777
0.9859154929577465,0.9275766016713092
0.9937402190923318,0.9220055710306406
