0.0,0.9721448467966574
0.00782472613458529,0.9665738161559888
0.01564945226917058,0.9610027855153204
0.023474178403755867,0.9554317548746518
0.03129890453834116,0.9498607242339833
0.03912363067292645,0.9442896935933147
0.046948356807511735,0.9387186629526463
0.054773082942097026,0.9331476323119777
0.06259780907668232,0.9275766016713092
0.07042253521126761,0.9220055710306406
0.0782472613458529,0.9164345403899722
0.08607198748043818,0.9108635097493036
0.09389671361502347,0.9052924791086351
0.10172143974960876,0.8997214484679665
0.10954616588419405,0.8941504178272981
0.11737089201877934,0.8885793871866295
0.12519561815336464,0.883008356545961
0.13302034428794993,0.8774373259052924
0.14084507042253522,0.871866295264624
0.1486697965571205,0.8662952646239555
0.1564945226917058,0.8607242339832869
0.1643192488262911,0.8551532033426184
0.17214397496087636,0.8495821727019499
0.17996870109546165,0.8440111420612814
0.18779342723004694,0.8384401114206128
0.19561815336463223,0.8384401114206128
0.20344287949921752,0.841225626740947
0.2112676056338028,0.841225626740947
0.2190923317683881,0.8356545961002786
0.2269170579029734,0.83008356545961
0.2347417840375587,0.83008356545961
0.24256651017214398,0.8384401114206128
0.25039123630672927,0.8440111420612814
0.25821596244131456,0.8495821727019499
0.26604068857589985,0.8551532033426184
0.27386541471048514,0.8607242339832869
0.28169014084507044,0.8662952646239555
0.2895148669796557,0.8746518105849582
0.297339593114241,0.8802228412256268
0.3051643192488263,0.8857938718662952
0.3129890453834116,0.8913649025069638
0.3208137715179969,0.8969359331476323
0.3286384976525822,0.9025069637883009
0.3364632237871675,0.9080779944289693
0.3442879499217527,0.9136490250696379
0.352112676056338,0.9192200557103064
0.3599374021909233,0.9220055710306406
0.3677621283255086,0.9275766016713092
0.3755868544600939,0.9331476323119777
0.38341158059467917,0.935933147632312
0.39123630672926446,0.9415041782729805
0.39906103286384975,0.947075208913649
0.40688575899843504,0.9526462395543176
0.41471048513302033,0.9554317548746518
0.4225352112676056,0.9610027855153204
0.4303599374021909,0.9665738161559888
0.4381846635367762,0.9693593314763231
0.4460093896713615,0.9749303621169917
0.4538341158059468,0.9805013927576601
0.4616588419405321,0.9832869080779945
0.4694835680751174,0.9888579387186629
0.47730829420970267,0.9944289693593314
0.48513302034428796,0.9972144846796658
0.49295774647887325,1.0
0.5007824726134585,1.0
0.5086071987480438,1.0
0.5164319248826291,1.0
0.5242566510172144,1.0
0.5320813771517997,1.0
0.539906103286385,1.0
0.5477308294209703,1.0
0.5555555555555556,1.0
0.5633802816901409,1.0
0.5712050078247262,1.0
0.5790297339593115,1.0
0.5868544600938967,1.0
0.594679186228482,1.0
0.6025039123630673,1.0
0.6103286384976526,1.0
0.6181533646322379,1.0
0.6259780907668232,1.0
0.6338028169014085,1.0
0.6416275430359938,1.0
0.6494522691705791,1.0
0.6572769953051644,1.0
0.6651017214397497,1.0
0.672926447574335,1.0
0.6807511737089202,1.0
0.6885758998435054,1.0
0.6964006259780907,1.0
0.704225352112676,1.0
0.7120500782472613,1.0
0.7198748043818466,1.0
0.7276995305164319,1.0
0.7355242566510172,1.0
0.7433489827856025,1.0
0.7511737089201878,1.0
0.758998435054773,1.0
0.7668231611893583,1.0
0.7746478873239436,1.0
0.7824726134585289,1.0
0.7902973395931142,1.0
0.7981220657276995,1.0
0.8059467918622848,1.0
0.8137715179968701,1.0
0.8215962441314554,1.0
0.8294209702660407,1.0
0.837245696400626,1.0
0.8450704225352113,1.0
0.8528951486697965,1.0
0.8607198748043818,1.0
0.8685446009389671,1.0
0.8763693270735524,1.0
0.8841940532081377,1.0
0.892018779342723,1.0
0.8998435054773083,1.0
0.9076682316118936,1.0
0.9154929577464789,1.0
0.9233176838810642,1.0
0.9311424100156495,1.0
0.9389671361502347,1.0
0.94679186228482,1.0
0.9546165884194053,1.0
0.9624413145539906,1.0
0.9702660406885759,1.0
0.9780907668231612,1.0
0.9859154929577465,1.0
0.9937402190923318,1.0
