0.0,0.8774373259052924
0.00782472613458529,0.8746518105849582
0.01564945226917058,0.871866295264624
0.023474178403755867,0.8913649025069638
0.03129890453834116,0.9275766016713092
0.03912363067292645,0.9526462395543176
0.046948356807511735,0.9498607242339833
0.054773082942097026,0.947075208913649
0.06259780907668232,0.9442896935933147
0.07042253521126761,0.9442896935933147
0.0782472613458529,0.9415041782729805
0.08607198748043818,0.9387186629526463
0.09389671361502347,0.935933147632312
0.10172143974960876,0.9331476323119777
0.10954616588419405,0.9303621169916435
0.11737089201877934,0.9275766016713092
0.12519561815336464,0.9275766016713092
0.13302034428794993,0.924791086350975
0.14084507042253522,0.9220055710306406
0.1486697965571205,0.9192200557103064
0.1564945226917058,0.9164345403899722
0.1643192488262911,0.9136490250696379
0.17214397496087636,0.9108635097493036
0.17996870109546165,0.9080779944289693
0.18779342723004694,0.8133704735376045
0.19561815336463223,0.8105849582172702
0.20344287949921752,0.8050139275766016
0.2112676056338028,0.8022284122562674
0.2190923317683881,0.7994428969359332
0.2269170579029734,0.7966573816155988
0.2347417840375587,0.7938718662952646
0.24256651017214398,0.7883008356545961
0.25039123630672927,0.7855153203342619
0.25821596244131456,0.7827298050139275
0.26604068857589985,0.7799442896935933
0.27386541471048514,0.7771587743732591
0.28169014084507044,0.7743732590529248
0.2895148669796557,0.7688022284122563
0.297339593114241,0.766016713091922
0.3051643192488263,0.7632311977715878
0.3129890453834116,0.7604456824512534
0.3208137715179969,0.7576601671309192
0.3286384976525822,0.7520891364902507
0.3364632237871675,0.7493036211699164
0.3442879499217527,0.7465181058495822
0.352112676056338,0.7437325905292479
0.3599374021909233,0.7409470752089137
0.3677621283255086,0.7381615598885793
0.3755868544600939,0.7325905292479109
0.38341158059467917,0.7298050139275766
0.39123630672926446,0.7270194986072424
0.39906103286384975,0.724233983286908
0.40688575899843504,0.7214484679665738
0.41471048513302033,0.7158774373259053
0.4225352112676056,0.713091922005571
0.4303599374021909,0.7075208913649025
0.4381846635367762,0.7047353760445683
0.4460093896713615,0.7019498607242339
0.4538341158059468,0.6963788300835655
0.4616588419405321,0.6935933147632312
0.4694835680751174,0.6880222841225627
0.47730829420970267,0.6852367688022284
0.48513302034428796,0.6796657381615598
0.49295774647887325,0.6768802228412256
0.5007824726134585,0.6713091922005571
0.5086071987480438,0.6685236768802229
0.5164319248826291,0.6629526462395543
0.5242566510172144,0.6601671309192201
0.5320813771517997,0.6545961002785515
0.539906103286385,0.6518105849582173
0.5477308294209703,0.6462395543175488
0.5555555555555556,0.6434540389972145
0.5633802816901409,0.637883008356546
0.5712050078247262,0.6350974930362117
0.5790297339593115,0.6295264623955432
0.5868544600938967,0.6267409470752089
0.594679186228482,0.6239554317548747
0.6025039123630673,0.6183844011142061
0.6103286384976526,0.6155988857938719
0.6181533646322379,0.6100278551532033
0.6259780907668232,0.6072423398328691
0.6338028169014085,0.6016713091922006
0.6416275430359938,0.5988857938718662
0.6494522691705791,0.5933147632311978
0.6572769953051644,0.5905292479108635
0.6651017214397497,0.584958217270195
0.672926447574335,0.5821727019498607
0.6807511737089202,0.5766016713091922
0.6885758998435054,0.5710306406685237
0.6964006259780907,0.5682451253481894
0.704225352112676,0.5626740947075209
0.7120500782472613,0.5598885793871866
0.7198748043818466,0.5543175487465181
0.7276995305164319,0.5515320334261838
0.7355242566510172,0.5459610027855153
0.7433489827856025,0.5431754874651811
0.7511737089201878,0.5376044568245125
0.758998435054773,0.532033426183844
0.7668231611893583,0.5292479108635098
0.7746478873239436,0.5236768802228412
0.7824726134585289,0.520891364902507
0.7902973395931142,0.5153203342618384
0.7981220657276995,0.5125348189415042
0.8059467918622848,0.5069637883008357
0.8137715179968701,0.5069637883008357
0.8215962441314554,0.5097493036211699
0.8294209702660407,0.5125348189415042
0.837245696400626,0.5153203342618384
0.8450704225352113,0.5097493036211699
0.8528951486697965,0.5041782729805014
0.8607198748043818,0.4818941504178273
0.8685446009389671,0.479108635097493
0.8763693270735524,0.4735376044568245
0.8841940532081377,0.467966573816156
0.892018779342723,0.4623955431754875
0.8998435054773083,0.4568245125348189
0.9076682316118936,0.44846796657381616
0.9154929577464789,0.4373259052924791
0.9233176838810642,0.43175487465181056
0.9311424100156495,0.42896935933147634
0.9389671361502347,0.43175487465181056
0.94679186228482,0.43175487465181056
0.9546165884194053,0.42896935933147634
0.9624413145539906,0.43175487465181056
0.9702660406885759,0.43454038997214484
0.9780907668231612,0.4373259052924791
0.9859154929577465,0.4373259052924791
0.9937402190923318,0.4401114206128134
