0.0,0.649025069637883
0.00782472613458529,0.637883008356546
0.01564945226917058,0.6239554317548747
0.023474178403755867,0.6128133704735376
0.03129890453834116,0.4428969359331476
0.03912363067292645,0.4401114206128134
0.046948356807511735,0.4401114206128134
0.054773082942097026,0.4373259052924791
0.06259780907668232,0.43454038997214484
0.07042253521126761,0.43454038997214484
0.0782472613458529,0.43175487465181056
0.08607198748043818,0.43175487465181056
0.09389671361502347,0.42896935933147634
0.10172143974960876,0.42896935933147634
0.10954616588419405,0.42618384401114207
0.11737089201877934,0.4233983286908078
0.12519561815336464,0.4233983286908078
0.13302034428794993,0.4206128133704735
0.14084507042253522,0.4206128133704735
0.1486697965571205,0.4178272980501393
0.1564945226917058,0.415041782729805
0.1643192488262911,0.415041782729805
0.17214397496087636,0.41225626740947074
0.17996870109546165,0.41225626740947074
0.18779342723004694,0.40947075208913647
0.19561815336463223,0.40947075208913647
0.20344287949921752,0.40668523676880225
0.2112676056338028,0.40668523676880225
0.2190923317683881,0.40668523676880225
0.2269170579029734,0.40668523676880225
0.2347417840375587,0.403899721448468
0.24256651017214398,0.403899721448468
0.25039123630672927,0.403899721448468
0.25821596244131456,0.4011142061281337
0.26604068857589985,0.4011142061281337
0.27386541471048514,0.4011142061281337
0.28169014084507044,0.4011142061281337
0.2895148669796557,0.3983286908077994
0.297339593114241,0.3983286908077994
0.3051643192488263,0.3983286908077994
0.3129890453834116,0.3955431754874652
0.3208137715179969,0.3955431754874652
0.3286384976525822,0.3955431754874652
0.3364632237871675,0.3955431754874652
0.3442879499217527,0.39275766016713093
0.352112676056338,0.39275766016713093
0.3599374021909233,0.39275766016713093
0.3677621283255086,0.39275766016713093
0.3755868544600939,0.38997214484679665
0.38341158059467917,0.38997214484679665
0.39123630672926446,0.38997214484679665
0.39906103286384975,0.3871866295264624
0.40688575899843504,0.3871866295264624
0.41471048513302033,0.3871866295264624
0.4225352112676056,0.3871866295264624
0.4303599374021909,0.38440111420612816
0.4381846635367762,0.38440111420612816
0.4460093896713615,0.38440111420612816
0.4538341158059468,0.3816155988857939
0.4616588419405321,0.3816155988857939
0.4694835680751174,0.3816155988857939
0.47730829420970267,0.3788300835654596
0.48513302034428796,0.3788300835654596
0.49295774647887325,0.3788300835654596
0.5007824726134585,0.37604456824512533
0.5086071987480438,0.37604456824512533
0.5164319248826291,0.36768802228412256
0.5242566510172144,0.36768802228412256
0.5320813771517997,0.36768802228412256
0.539906103286385,0.36768802228412256
0.5477308294209703,0.36768802228412256
0.5555555555555556,0.3649025069637883
0.5633802816901409,0.3649025069637883
0.5712050078247262,0.3649025069637883
0.5790297339593115,0.3649025069637883
0.5868544600938967,0.3649025069637883
0.594679186228482,0.3649025069637883
0.6025039123630673,0.362116991643454
0.6103286384976526,0.362116991643454
0.6181533646322379,0.362116991643454
0.6259780907668232,0.362116991643454
0.6338028169014085,0.362116991643454
0.6416275430359938,0.362116991643454
0.6494522691705791,0.362116991643454
0.6572769953051644,0.362116991643454
0.6651017214397497,0.362116991643454
0.672926447574335,0.3593314763231198
0.6807511737089202,0.3593314763231198
0.6885758998435054,0.3593314763231198
0.6964006259780907,0.3593314763231198
0.704225352112676,0.3593314763231198
0.7120500782472613,0.3593314763231198
0.7198748043818466,0.3593314763231198
0.7276995305164319,0.3593314763231198
0.7355242566510172,0.3593314763231198
0.7433489827856025,0.3593314763231198
0.7511737089201878,0.3593314763231198
0.758998435054773,0.362116991643454
0.7668231611893583,0.362116991643454
0.7746478873239436,0.3649025069637883
0.7824726134585289,0.3649025069637883
0.7902973395931142,0.5515320334261838
0.7981220657276995,0.5626740947075209
0.8059467918622848,0.5738161559888579
0.8137715179968701,0.584958217270195
0.8215962441314554,0.596100278551532
0.8294209702660407,0.6044568245125348
0.837245696400626,0.6155988857938719
0.8450704225352113,0.6267409470752089
0.8528951486697965,0.637883008356546
0.8607198748043818,0.649025069637883
0.8685446009389671,0.6601671309192201
0.8763693270735524,0.6713091922005571
0.8841940532081377,0.6824512534818942
0.892018779342723,0.6935933147632312
0.8998435054773083,0.7047353760445683
0.9076682316118936,0.713091922005571
0.9154929577464789,0.724233983286908
0.9233176838810642,0.7353760445682451
0.9311424100156495,0.7465181058495822
0.9389671361502347,0.7576601671309192
0.94679186228482,0.7688022284122563
0.9546165884194053,0.7799442896935933
0.9624413145539906,0.7910863509749304
0.9702660406885759,0.8022284122562674
0.9780907668231612,0.8105849582172702
0.9859154929577465,0.8217270194986073
0.9937402190923318,0.8328690807799443
